-5 -4.7 -4.4 -4.1 -3.8 -3.5 -3.2 -2.9 -2.6 -2.3 -2 -1.7 -1.4 -1.1 -0.8 -0.5 -0.2 0.1 0.4 0.7 1 1.3 1.6 1.9 2.2 2.5 2.8 3.1 3.4 3.7 4 4.3 4.6 4.9 
-5 -4.7 -4.4 -4.1 -3.8 -3.5 -3.2 -2.9 -2.6 -2.3 -2 -1.7 -1.4 -1.1 -0.8 -0.5 -0.2 0.1 0.4 0.7 1 1.3 1.6 1.9 2.2 2.5 2.8 3.1 3.4 3.7 4 4.3 4.6 4.9 
50 
47.09 44.36 41.81 39.44 37.25 35.24 33.41 31.76 30.29 29 27.89 26.96 26.21 25.64 25.25 25.04 25.01 25.16 25.49 26 26.69 27.56 28.61 29.84 31.25 32.84 34.61 36.56 38.69 41 43.49 46.16 49.01 47.09 
44.18 41.45 38.9 36.53 34.34 32.33 30.5 28.85 27.38 26.09 24.98 24.05 23.3 22.73 22.34 22.13 22.1 22.25 22.58 23.09 23.78 24.65 25.7 26.93 28.34 29.93 31.7 33.65 35.78 38.09 40.58 43.25 46.1 44.36 
41.45 38.72 36.17 33.8 31.61 29.6 27.77 26.12 24.65 23.36 22.25 21.32 20.57 20 19.61 19.4 19.37 19.52 19.85 20.36 21.05 21.92 22.97 24.2 25.61 27.2 28.97 30.92 33.05 35.36 37.85 40.52 43.37 41.81 
38.9 36.17 33.62 31.25 29.06 27.05 25.22 23.57 22.1 20.81 19.7 18.77 18.02 17.45 17.06 16.85 16.82 16.97 17.3 17.81 18.5 19.37 20.42 21.65 23.06 24.65 26.42 28.37 30.5 32.81 35.3 37.97 40.82 39.44 
36.53 33.8 31.25 28.88 26.69 24.68 22.85 21.2 19.73 18.44 17.33 16.4 15.65 15.08 14.69 14.48 14.45 14.6 14.93 15.44 16.13 17 18.05 19.28 20.69 22.28 24.05 26 28.13 30.44 32.93 35.6 38.45 37.25 
34.34 31.61 29.06 26.69 24.5 22.49 20.66 19.01 17.54 16.25 15.14 14.21 13.46 12.89 12.5 12.29 12.26 12.41 12.74 13.25 13.94 14.81 15.86 17.09 18.5 20.09 21.86 23.81 25.94 28.25 30.74 33.41 36.26 35.24 
32.33 29.6 27.05 24.68 22.49 20.48 18.65 17 15.53 14.24 13.13 12.2 11.45 10.88 10.49 10.28 10.25 10.4 10.73 11.24 11.93 12.8 13.85 15.08 16.49 18.08 19.85 21.8 23.93 26.24 28.73 31.4 34.25 33.41 
30.5 27.77 25.22 22.85 20.66 18.65 16.82 15.17 13.7 12.41 11.3 10.37 9.62 9.05 8.66 8.45 8.42 8.57 8.9 9.41 10.1 10.97 12.02 13.25 14.66 16.25 18.02 19.97 22.1 24.41 26.9 29.57 32.42 31.76 
28.85 26.12 23.57 21.2 19.01 17 15.17 13.52 12.05 10.76 9.65 8.72 7.97 7.4 7.01 6.8 6.77 6.92 7.25 7.76 8.45 9.32 10.37 11.6 13.01 14.6 16.37 18.32 20.45 22.76 25.25 27.92 30.77 30.29 
27.38 24.65 22.1 19.73 17.54 15.53 13.7 12.05 10.58 9.29 8.18 7.25 6.5 5.93 5.54 5.33 5.3 5.45 5.78 6.29 6.98 7.85 8.9 10.13 11.54 13.13 14.9 16.85 18.98 21.29 23.78 26.45 29.3 29 
26.09 23.36 20.81 18.44 16.25 14.24 12.41 10.76 9.29 8 6.89 5.96 5.21 4.64 4.25 4.04 4.01 4.16 4.49 5 5.69 6.56 7.61 8.84 10.25 11.84 13.61 15.56 17.69 20 22.49 25.16 28.01 27.89 
24.98 22.25 19.7 17.33 15.14 13.13 11.3 9.65 8.18 6.89 5.78 4.85 4.1 3.53 3.14 2.93 2.9 3.05 3.38 3.89 4.58 5.45 6.5 7.73 9.14 10.73 12.5 14.45 16.58 18.89 21.38 24.05 26.9 26.96 
24.05 21.32 18.77 16.4 14.21 12.2 10.37 8.72 7.25 5.96 4.85 3.92 3.17 2.6 2.21 2 1.97 2.12 2.45 2.96 3.65 4.52 5.57 6.8 8.21 9.8 11.57 13.52 15.65 17.96 20.45 23.12 25.97 26.21 
23.3 20.57 18.02 15.65 13.46 11.45 9.62 7.97 6.5 5.21 4.1 3.17 2.42 1.85 1.46 1.25 1.22 1.37 1.7 2.21 2.9 3.77 4.82 6.05 7.46 9.05 10.82 12.77 14.9 17.21 19.7 22.37 25.22 25.64 
22.73 20 17.45 15.08 12.89 10.88 9.05 7.4 5.93 4.64 3.53 2.6 1.85 1.28 0.89 0.68 0.65 0.8 1.13 1.64 2.33 3.2 4.25 5.48 6.89 8.48 10.25 12.2 14.33 16.64 19.13 21.8 24.65 25.25 
22.34 19.61 17.06 14.69 12.5 10.49 8.66 7.01 5.54 4.25 3.14 2.21 1.46 0.89 0.5 0.29 0.26 0.41 0.74 1.25 1.94 2.81 3.86 5.09 6.5 8.09 9.86 11.81 13.94 16.25 18.74 21.41 24.26 25.04 
22.13 19.4 16.85 14.48 12.29 10.28 8.45 6.8 5.33 4.04 2.93 2 1.25 0.68 0.29 0.08 0.05 0.2 0.53 1.04 1.73 2.6 3.65 4.88 6.29 7.88 9.65 11.6 13.73 16.04 18.53 21.2 24.05 25.01 
22.1 19.37 16.82 14.45 12.26 10.25 8.42 6.77 5.3 4.01 2.9 1.97 1.22 0.65 0.26 0.05 0.02 0.17 0.5 1.01 1.7 2.57 3.62 4.85 6.26 7.85 9.62 11.57 13.7 16.01 18.5 21.17 24.02 25.16 
22.25 19.52 16.97 14.6 12.41 10.4 8.57 6.92 5.45 4.16 3.05 2.12 1.37 0.8 0.41 0.2 0.17 0.32 0.65 1.16 1.85 2.72 3.77 5 6.41 8 9.77 11.72 13.85 16.16 18.65 21.32 24.17 25.49 
22.58 19.85 17.3 14.93 12.74 10.73 8.9 7.25 5.78 4.49 3.38 2.45 1.7 1.13 0.74 0.53 0.5 0.65 0.98 1.49 2.18 3.05 4.1 5.33 6.74 8.33 10.1 12.05 14.18 16.49 18.98 21.65 24.5 26 
23.09 20.36 17.81 15.44 13.25 11.24 9.41 7.76 6.29 5 3.89 2.96 2.21 1.64 1.25 1.04 1.01 1.16 1.49 2 2.69 3.56 4.61 5.84 7.25 8.84 10.61 12.56 14.69 17 19.49 22.16 25.01 26.69 
23.78 21.05 18.5 16.13 13.94 11.93 10.1 8.45 6.98 5.69 4.58 3.65 2.9 2.33 1.94 1.73 1.7 1.85 2.18 2.69 3.38 4.25 5.3 6.53 7.94 9.53 11.3 13.25 15.38 17.69 20.18 22.85 25.7 27.56 
24.65 21.92 19.37 17 14.81 12.8 10.97 9.32 7.85 6.56 5.45 4.52 3.77 3.2 2.81 2.6 2.57 2.72 3.05 3.56 4.25 5.12 6.17 7.4 8.81 10.4 12.17 14.12 16.25 18.56 21.05 23.72 26.57 28.61 
25.7 22.97 20.42 18.05 15.86 13.85 12.02 10.37 8.9 7.61 6.5 5.57 4.82 4.25 3.86 3.65 3.62 3.77 4.1 4.61 5.3 6.17 7.22 8.45 9.86 11.45 13.22 15.17 17.3 19.61 22.1 24.77 27.62 29.84 
26.93 24.2 21.65 19.28 17.09 15.08 13.25 11.6 10.13 8.84 7.73 6.8 6.05 5.48 5.09 4.88 4.85 5 5.33 5.84 6.53 7.4 8.45 9.68 11.09 12.68 14.45 16.4 18.53 20.84 23.33 26 28.85 31.25 
28.34 25.61 23.06 20.69 18.5 16.49 14.66 13.01 11.54 10.25 9.14 8.21 7.46 6.89 6.5 6.29 6.26 6.41 6.74 7.25 7.94 8.81 9.86 11.09 12.5 14.09 15.86 17.81 19.94 22.25 24.74 27.41 30.26 32.84 
29.93 27.2 24.65 22.28 20.09 18.08 16.25 14.6 13.13 11.84 10.73 9.8 9.05 8.48 8.09 7.88 7.85 8 8.33 8.84 9.53 10.4 11.45 12.68 14.09 15.68 17.45 19.4 21.53 23.84 26.33 29 31.85 34.61 
31.7 28.97 26.42 24.05 21.86 19.85 18.02 16.37 14.9 13.61 12.5 11.57 10.82 10.25 9.86 9.65 9.62 9.77 10.1 10.61 11.3 12.17 13.22 14.45 15.86 17.45 19.22 21.17 23.3 25.61 28.1 30.77 33.62 36.56 
33.65 30.92 28.37 26 23.81 21.8 19.97 18.32 16.85 15.56 14.45 13.52 12.77 12.2 11.81 11.6 11.57 11.72 12.05 12.56 13.25 14.12 15.17 16.4 17.81 19.4 21.17 23.12 25.25 27.56 30.05 32.72 35.57 38.69 
35.78 33.05 30.5 28.13 25.94 23.93 22.1 20.45 18.98 17.69 16.58 15.65 14.9 14.33 13.94 13.73 13.7 13.85 14.18 14.69 15.38 16.25 17.3 18.53 19.94 21.53 23.3 25.25 27.38 29.69 32.18 34.85 37.7 41 
38.09 35.36 32.81 30.44 28.25 26.24 24.41 22.76 21.29 20 18.89 17.96 17.21 16.64 16.25 16.04 16.01 16.16 16.49 17 17.69 18.56 19.61 20.84 22.25 23.84 25.61 27.56 29.69 32 34.49 37.16 40.01 43.49 
40.58 37.85 35.3 32.93 30.74 28.73 26.9 25.25 23.78 22.49 21.38 20.45 19.7 19.13 18.74 18.53 18.5 18.65 18.98 19.49 20.18 21.05 22.1 23.33 24.74 26.33 28.1 30.05 32.18 34.49 36.98 39.65 42.5 46.16 
43.25 40.52 37.97 35.6 33.41 31.4 29.57 27.92 26.45 25.16 24.05 23.12 22.37 21.8 21.41 21.2 21.17 21.32 21.65 22.16 22.85 23.72 24.77 26 27.41 29 30.77 32.72 34.85 37.16 39.65 42.32 45.17 49.01 
46.1 43.37 40.82 38.45 36.26 34.25 32.42 30.77 29.3 28.01 26.9 25.97 25.22 24.65 24.26 24.05 24.02 24.17 24.5 25.01 25.7 26.57 27.62 28.85 30.26 31.85 33.62 35.57 37.7 40.01 42.5 45.17 48.02 